38
98
59
68
27
78
38
92
56
25
41
42
51
94
51
42
75
78
94
79
82
0
80
69
57
42
49
31
85
28
80
49
14
42
10
75
98
23
47
20
25
55
31
0
8
70
98
80
74
75
79
9
77
45
96
61
33
18
55
61
71
95
49
66
92
64
32
85
32
74
77
23
58
60
28
24
32
91
53
26
63
74
87
14
26
66
14
66
46
15
31
69
68
38
40
75
68
73
9
38
7
7
51
21
6
82
50
10
23
80
58
67
57
22
25
10
31
10
40
63
40
95
94
27
21
10
59
28
93
33
9
64
82
94
78
64
1
3
85
35
94
71
14
61
39
44
74
44
70
19
89
73
20
91
88
71
11
70
90
4
19
81
53
6
43
74
86
23
14
49
96
79
16
82
28
87
29
23
81
97
1
46
98
18
75
43
8
77
50
58
38
38
58
14
59
96
33
30
89
7
8
19
31
62
57
24
87
89
59
84
25
63
11
5
22
71
86
45
68
73
39
85
54
98
77
67
66
100
26
56
75
32
80
0
39
95
41
43
41
31
76
31
20
4
25
15
29
6
27
2
30
72
54
99
37
2
57
91
53
94
70
97
74
49
9
42
44
56
33
45
72
87
35
34
22
72
48
22
8
76
1
26
35
91
64
100
97
33
91
45
35
68
5
14
57
99
7
100
48
55
80
63
34
85
94
24
57
50
12
45
69
2
92
42
16
60
7
65
52
7
12
80
44
8
65
17
62
58
66
13
82
100
60
81
76
58
19
63
18
10
77
100
69
94
55
26
94
38
11
73
7
25
27
44
70
78
23
35
7
5
30
94
60
19
98
50
51
68
95
12
68
88
99
15
40
83
87
55
34
91
15
97
32
66
0
55
13
77
7
88
0
22
83
81
29
57
95
67
62
87
29
94
82
53
77
63
22
70
16
43
43
86
92
42
85
73
46
56
56
79
42
70
68
65
36
44
41
55
1
27
57
85
97
59
98
5
38
40
68
41
24
48
68
29
42
76
21
37
78
93
74
4
67
23
39
0
100
59
19
3
28
72
83
95
63
73
31
61
40
70
42
60
13
56
16
72
67
57
39
81
37
7
99
0
38
45
16
48
59
84
6
42
61
6
51
17
45
60
37
30
94
35
92
75
64
25
35
25
11
84
78
63
85
39
10
26
54
16
20
79
17
41
46
82
1
36
55
12
48
32
70
54
90
14
10
14
42
54
58
83
3
9
77
82
51
2
47
84
53
11
5
4
57
87
43
22
10
53
71
68
51
74
34
9
28
94
32
70
59
7
86
98
72
1
11
88
46
54
44
80
64
72
34
47
62
30
79
96
71
33
95
69
53
50
37
81
22
89
3
14
60
25
94
44
23
96
28
44
63
49
84
22
63
23
77
100
19
65
21
74
60
23
35
92
98
96
54
61
87
70
14
62
29
28
21
57
36
53
64
80
93
37
73
65
77
92
43
51
92
41
27
93
72
58
9
16
14
5
50
66
6
0
23
31
20
13
13
74
72
17
92
49
13
69
62
4
51
75
8
91
72
93
18
5
15
82
74
99
25
46
21
96
22
91
90
38
98
61
98
58
25
79
92
42
58
85
83
11
83
34
64
57
86
28
58
49
84
54
66
66
34
25
48
85
86
61
97
10
31
97
29
79
41
100
9
26
68
68
78
64
96
27
22
88
23
60
33
44
23
50
63
40
41
89
85
7
13
80
91
94
31
49
33
24
47
34
87
69
7
1
16
92
37
84
90
11
36
8
58
5
66
94
59
81
78
95
60
11
21
8
69
21
19
53
82
19
9
52
49
18
32
76
29
39
71
47
82
76
86
43
68
1
81
27
12
1
19
60
42
10
16
10
64
22
22
99
63
68
84
89
54
62
89
10
48
86
75
0
79
34
36
34
23
34
54
7
87
22
16
81
18
16
16
45
4
25
81
58
34
55
18
56
46
57
33
92
19
42
60
46
94
84
70
71
53
90
80
39
81
64
39
79
96
0
34
22
37
31
92
93
19
30
66
33
11
19
74
85
17
20
0
38
96
98
6
72
33
88
27
21
15
28
80
59
10
95
5
90
8
56
48
25
9
63
99
29
15
90
84
63
88
56
38
11
58
36
32
62
19
13
2
7
16
7
28
9
84
89
89
87
6
91
7
68
31
4
69
80
28
39
84
47
16
22
92
51
19
79
7
6
68
99
88
7
95
80
67
33
65
75
35
10
5
98
4
100
58
31
97
10
36
67
78
78
44
83
14
60
47
11
89
20
34
36
49
46
62
39
34
45
11
86
23
63
90
14
28
77
24
77
21
28
59
20
46
94
62
13
47
90
22
81
83
30
12
97
5
75
75
30
3
54
59
62
84
82
57
64
46
17
65
63
32
76
3
97
9
49
64
28
17
7
38
52
39
39
99
70
37
44
19
63
4
71
16
55
31
22
31
12
94
26
41
94
95
6
26
77
63
1
83
59
93
30
41
40
33
70
64
37
73
44
34
12
98
39
11
76
14
42
7
25
9
93
2
63
88
25
54
87
19
19
88
32
94
8
41
100
88
39
36
6
58
55
1
52
97
90
53
89
43
38
11
41
64
15
28
65
13
36
28
0
93
69
20
14
44
95
72
80
93
73
27
100
50
78
75
29
30
61
21
27
48
92
2
78
61
33
74
56
14
7
62
98
67
17
17
78
32
97
13
17
62
30
49
17
42
98
96
85
60
39
45
0
39
68
27
76
84
7
96
29
4
77
55
61
36
45
63
10
75
53
29
1
67
21
42
23
89
73
49
59
16
100
82
71
7
36
52
94
94
85
78
20
88
85
30
20
44
17
50
23
